1.880 0.393 21.742
1.960 0.796 0.163
1.880 0.433 15.562
1.930 0.793 0.311
1.900 0.400 33.858
1.960 0.795 0.159
1.900 0.798 0.615
1.960 0.398 0.693
1.960 0.785 0.177
1.850 0.789 3.221
2.400 0.780 -0.013
1.900 0.792 0.676
1.960 0.500 -0.004
1.900 0.398 40.404
1.960 0.397 0.704
1.960 1.000 0.030
1.900 0.800 0.572
1.700 0.770 6.199
1.900 0.793 0.667
1.900 0.304 21.726
1.850 0.300 -2.680
1.920 0.786 0.437
1.930 0.795 0.299
1.930 1.000 0.010
1.850 0.304 -2.838
1.700 0.790 6.523
1.880 0.791 1.193
1.920 0.780 0.469
1.700 0.900 4.338
1.900 0.400 40.461
2.100 0.395 -0.037
1.900 0.795 0.641
1.960 0.787 0.170
1.930 0.600 6.552
1.960 0.600 0.190
1.900 0.900 0.159
1.880 0.395 6.504
1.960 0.398 0.704
1.960 0.791 0.173
1.850 0.790 3.174
2.100 0.780 -0.022
1.880 0.787 1.272
1.880 0.399 22.688
1.930 0.797 0.287
1.920 0.785 0.431
1.960 0.394 0.733
1.960 0.250 0.130
1.920 0.795 0.390
1.900 0.787 0.730
1.920 0.787 0.415
1.880 0.788 1.247
2.100 0.385 -0.035
1.920 0.789 0.405
1.900 0.397 40.379
1.700 0.600 -0.326
1.960 0.300 1.106
1.960 0.789 0.172
1.900 0.600 16.764
1.880 0.789 1.336
1.700 0.780 6.403
1.880 0.450 17.772
1.900 0.396 40.351
1.965 0.790 0.105
1.900 0.799 0.605
1.850 0.450 3.634
1.960 0.400 0.680
1.900 0.785 0.754
1.960 0.794 0.165
1.930 0.780 0.345
1.960 0.786 0.167
1.880 0.798 1.046
1.900 0.385 31.603
1.960 0.792 0.170
1.700 0.304 -0.354
2.100 0.700 -0.020
1.900 0.394 40.191
1.965 0.700 0.185
1.930 0.500 27.912
2.100 0.304 -0.021
1.930 0.790 0.303
1.900 0.397 40.345
2.100 0.350 -0.026
1.700 0.789 6.525
1.930 0.787 0.330
1.930 0.789 0.320
1.920 0.770 0.527
2.100 0.790 -0.012
1.850 0.600 14.430
2.100 0.789 -0.016
1.900 0.796 0.639
1.900 0.300 20.771
1.965 0.600 0.179
1.700 0.433 -4.530
1.930 0.798 0.287
1.920 1.000 0.035
1.965 0.770 0.120
1.920 0.798 0.385
1.880 0.780 1.651
1.900 0.780 0.818
1.700 1.000 0.781
1.900 0.797 0.627
1.930 0.794 0.304
2.200 0.780 -0.019
2.100 0.450 -0.041
1.965 0.780 0.114
1.960 0.400 0.674
1.850 0.350 -5.461
1.900 0.450 38.237
2.400 1.000 -0.004
1.960 0.798 0.165
1.920 0.796 0.385
1.700 0.250 -0.046
1.880 0.394 21.846
1.880 0.397 22.413
1.930 0.792 0.308
1.880 0.793 1.151
1.960 0.700 0.267
2.100 0.433 -0.040
1.960 0.396 0.718
1.930 0.789 0.318
1.880 0.304 -2.909
1.900 0.394 40.217
1.900 0.350 32.628
1.850 0.395 -6.225
1.900 0.395 40.247
1.920 0.900 0.122
1.960 0.304 1.178
1.920 0.799 0.366
1.850 0.395 -6.187
1.880 0.786 1.307
1.920 0.790 0.412
2.100 0.600 -0.029
1.850 0.780 3.883
1.900 0.390 32.505
1.965 0.695 0.189
1.900 0.399 40.442
2.200 0.789 -0.008
1.960 0.350 1.222
1.965 0.650 0.213
1.880 0.400 22.758
1.960 0.799 0.157
1.900 0.398 40.363
1.900 0.770 0.985
1.880 0.394 21.937
1.850 0.433 0.577
1.880 0.797 1.046
1.920 0.700 1.507
1.960 0.397 0.714
1.960 0.793 0.172
1.960 0.789 0.172
1.960 0.797 0.160
1.900 0.393 40.146
1.960 0.900 0.075
1.850 0.390 -6.575
1.880 0.795 1.076
1.880 0.396 22.233
1.920 0.792 0.399
1.930 0.800 0.283
1.930 0.799 0.280
1.700 0.350 -1.059
1.960 0.433 0.359
2.200 1.000 -0.005
1.960 0.394 0.736
1.960 0.450 0.233
2.100 1.000 -0.013
1.880 0.785 1.311
1.960 0.770 0.192
1.920 0.793 0.395
1.900 0.786 0.735
1.900 0.395 33.259
1.880 0.393 21.674
1.880 0.397 22.448
1.880 0.398 22.666
1.700 0.395 -2.478
1.850 0.250 -1.320
1.965 0.800 0.094
1.974 0.250 0.036
1.930 0.796 0.293
1.960 0.788 0.170
1.900 0.399 40.489
1.930 0.700 0.979
1.700 0.500 -6.121
1.900 0.393 40.120
1.880 0.398 22.496
1.700 0.390 -2.292
1.930 0.785 0.333
2.400 0.789 -0.007
1.880 0.796 1.060
1.880 0.799 1.062
2.100 0.250 -0.009
1.880 0.250 -0.479
1.900 0.794 0.656
2.100 0.500 -0.023
1.900 0.700 3.406
1.850 0.500 9.863
1.700 0.385 -2.092
1.920 0.500 32.101
1.960 0.393 0.751
1.920 0.600 11.026
1.960 0.390 0.788
1.900 0.789 0.707
1.960 0.393 0.742
1.700 0.450 -5.584
1.900 0.790 0.684
1.900 1.000 0.041
1.880 0.792 1.185
1.900 0.433 39.636
1.850 0.900 0.313
1.960 0.395 0.731
1.850 0.770 4.731
1.960 0.800 0.155
1.880 0.794 1.109
2.100 0.300 -0.018
1.960 0.395 0.716
2.100 0.390 -0.045
1.880 0.399 22.780
1.850 0.700 11.248
1.920 0.797 0.374
1.930 0.900 0.088
1.960 0.385 0.867
1.960 0.790 0.175
1.900 0.250 13.107
1.850 0.385 -6.821
1.960 0.399 0.693
1.930 0.788 0.328
1.920 0.788 0.423
1.900 0.788 0.727
1.930 0.791 0.310
1.900 0.500 32.179
1.880 0.390 5.074
1.900 0.791 0.690
1.930 0.786 0.319
2.500 0.780 -0.014
1.850 1.000 0.048
1.700 0.395 -2.493
1.920 0.800 0.365
1.880 1.000 0.018
2.100 0.900 -0.012
1.920 0.789 0.417
1.920 0.791 0.408
1.960 0.399 0.686
2.100 0.770 -0.011
1.960 0.780 0.171
2.500 1.000 -0.008
1.960 0.396 0.718
1.700 0.300 -0.313
1.930 0.770 0.392
1.700 0.700 4.144
1.880 0.396 22.230
2.100 0.395 -0.035
1.900 0.396 40.290
1.920 0.794 0.399
1.900 0.789 0.697
