1.920 0.393 24.907
1.930 0.398 60548.897
1.930 0.450 3.432
1.930 0.793 1816.701
1.920 0.400 26.477
1.900 0.798 2101.225
1.930 0.385 863.971
1.920 0.304 2960.105
2.400 0.780 964901.369
2.500 0.433 269534.559
2.200 0.390 48949.475
1.900 0.792 108.788
1.965 0.350 526.856
1.920 0.398 25.993
1.930 0.397 71.800
1.965 0.433 2309.274
2.200 0.433 136326.741
1.930 0.433 3.206
1.930 0.398 751.496
1.900 0.800 288.429
1.900 0.793 663.157
1.920 0.397 25.683
1.920 0.786 9060.523
2.500 0.304 26979008.600
1.930 0.795 14470.254
1.930 1.000 3623.603
1.920 0.397 25.762
1.920 0.398 25.904
2.200 0.304 858074.409
1.920 0.780 440456.030
1.930 0.390 13057.121
1.900 0.795 65.318
1.930 0.396 53.066
1.930 0.600 7.647
2.400 0.390 16590958.955
1.900 0.900 3803.423
1.920 0.399 26.330
1.930 0.797 11933.309
2.400 0.450 715308.006
1.920 0.785 3384.100
1.920 0.795 2670.372
1.900 0.787 112.031
1.920 0.787 274.600
2.500 0.250 5537175.446
1.920 0.250 87.967
1.920 0.393 24.921
1.920 0.789 438.857
1.900 0.600 579.418
1.965 0.790 45894.271
1.900 0.799 105000.949
1.900 0.785 217.299
1.920 0.400 26.394
2.400 0.304 1157291989.562
1.930 0.780 54497301.857
1.965 0.385 311.169
1.930 0.300 18.495
2.400 0.433 326440.304
1.965 0.700 25017.693
1.930 0.500 4.197
1.930 0.790 63111.851
1.930 0.787 345.509
1.930 0.789 1067.322
1.920 0.770 2710.183
1.920 0.350 16.907
1.900 0.796 141.951
1.965 0.600 24170.365
1.930 0.798 276.382
1.920 1.000 6511.679
1.965 0.770 117213.487
1.920 0.798 649.566
1.900 0.780 145.526
1.900 0.797 350.512
1.920 0.396 25.548
1.930 0.794 433.350
1.965 0.300 696.418
2.200 0.780 2061749.515
1.920 0.433 36.728
2.200 0.250 8042761.782
1.920 0.396 25.411
1.965 0.780 12000.855
2.400 1.000 45722.945
1.930 0.395 71.965
1.920 0.796 2697.506
1.930 0.792 19354.730
2.500 0.390 236790.690
1.930 0.789 18400.341
1.920 0.900 694.117
1.920 0.799 745.516
1.930 0.393 273.020
1.920 0.790 979752.612
1.930 0.395 91.682
1.965 0.695 29651.272
2.200 0.789 514816.886
1.965 0.650 42726.599
1.920 0.390 24.309
1.900 0.770 238896.267
1.930 0.350 216.514
1.920 0.700 153.769
1.930 0.397 95.850
1.965 0.390 382.176
2.200 0.395 587005.995
1.920 0.792 706.080
1.930 0.800 24114.325
1.930 0.799 1744.753
1.930 0.394 63.546
2.200 1.000 2403454.164
1.930 0.396 487.931
1.920 0.793 1571.851
1.900 0.786 6570.904
1.930 0.399 27.671
1.930 0.394 57.272
1.965 0.800 8470.116
1.930 0.796 2141.741
1.930 0.700 20.108
1.930 0.785 1201.543
1.920 0.394 25.309
2.400 0.789 334288.512
1.900 0.794 619.184
1.900 0.700 81.611
1.920 0.500 106.488
1.920 0.600 32.545
1.900 0.789 5718.709
1.920 0.450 42.289
1.900 0.790 63.770
1.900 1.000 25342.776
2.400 0.395 59075.500
1.965 0.395 3145.939
1.930 0.250 6.223
1.965 0.304 522.015
2.500 0.395 106472.263
1.920 0.797 6317.960
1.930 0.900 2933.934
2.500 0.450 63662.035
1.920 0.399 26.163
1.930 0.788 336.494
1.965 0.400 2075.453
1.920 0.788 2223.176
1.900 0.788 217.117
1.930 0.791 48032.096
1.900 0.500 898.039
1.900 0.791 5.483
1.930 0.399 2651.881
2.400 0.250 3049928.563
1.930 0.786 2570.485
1.920 0.394 25.040
2.500 0.780 110634.969
1.920 0.385 23.317
1.930 0.400 15.853
1.920 0.800 639.461
2.200 0.450 398348.161
1.920 0.789 839.619
1.920 0.300 2568.215
1.920 0.791 815.423
2.500 1.000 970681.506
1.930 0.770 2604.895
1.930 0.393 5878.764
1.920 0.395 25.425
1.930 0.304 19.637
1.920 0.794 911.520
1.900 0.789 94.150
1.930 0.400 121.613
1.920 0.395 25.319
